QRDC1025_0001 0.896533 705.584473 300.357574 831.090820 366.231842
QRDC1025_0001 0.016818 714.630920 284.913269 819.392151 329.635071
QRDC1025_0011 0.577194 703.664917 278.939026 812.395630 334.882141
QRDC1025_0011 0.006213 679.656250 268.084381 783.887939 310.547943
QRDC1025_0021 0.999958 637.837219 911.464417 945.980286 1043.089111
QRDC1025_0031 0.999678 624.149841 452.581848 784.028015 523.165588
QRDC1025_0041 0.999406 681.664551 823.597046 885.436646 937.105347
QRDC1025_0041 0.005421 720.328186 857.497620 853.745789 911.344666
QRDC1025_0051 0.992810 636.254700 592.128845 835.740906 692.511902
QRDC1025_0061 0.845868 641.555359 359.081757 785.727234 431.132477
QRDC1025_0061 0.009830 699.523743 351.476807 790.868347 396.383728
QRDC1025_0071 0.985916 652.650330 526.971802 818.239075 613.195801
QRDC1025_0071 0.011970 694.129822 540.374451 792.513733 591.595520
QRDC1025_0081 0.791576 622.622681 364.115509 758.799438 440.092072
QRDC1025_0081 0.015181 646.586914 378.788330 732.444214 432.759949
QRDC1025_0081 0.008759 646.551453 357.583588 740.713318 404.489288
QRDC1025_0091 0.999975 601.515991 782.652893 829.468506 885.422180
QRDC1025_0101 0.999082 641.589233 588.271912 828.163818 684.932556
QRDC1025_0111 0.979332 725.021179 509.350098 889.507263 584.917969
QRDC1025_0111 0.005829 775.273254 528.832520 860.581238 578.381592
QRDC1025_0121 0.972469 759.262878 286.705902 892.708679 357.577850
QRDC1025_0131 0.999940 596.176270 788.567993 827.849243 885.526855
QRDC1025_0141 0.983732 828.169434 899.225159 1016.124878 1011.160339
QRDC1025_0151 0.879254 775.014709 289.514191 900.245789 360.093781
QRDC1025_0161 0.999949 718.464783 662.826172 939.379700 752.287354
QRDC1025_0161 0.008460 754.661743 690.197937 913.458374 742.564636
QRDC1025_0171 0.999963 640.694824 655.328186 877.517090 746.224182
QRDC1025_0171 0.007068 684.349487 684.061218 842.473145 736.690613
QRDC1025_0181 0.999968 678.092773 745.072266 912.578491 843.713867
QRDC1025_0181 0.005551 710.676331 778.398682 882.991882 829.564697
QRDC1025_0191 0.999960 703.209045 687.248352 943.122986 787.294983
QRDC1025_0191 0.006160 744.039062 712.902405 915.487793 764.926697
QRDC1025_0201 0.999714 705.112915 639.912354 941.428955 733.230347
QRDC1025_0201 0.006852 741.898193 658.927979 923.148926 708.461304
QRDC1025_0211 0.999841 620.590210 547.175171 826.951294 647.028442
QRDC1025_0211 0.006282 643.894531 571.647705 807.958618 623.109131
QRDC1025_0221 0.999412 828.833008 946.978149 1055.419800 1042.052246
QRDC1025_0231 0.998308 615.803955 963.983459 840.195679 1078.211548
QRDC1025_0241 0.999828 620.289551 703.930725 878.138184 812.339172
QRDC1025_0241 0.005380 672.993713 729.414001 842.075012 780.668152
QRDC1025_0251 0.993954 623.271057 624.169373 860.831482 728.658752
QRDC1025_0261 0.991535 721.293945 246.008865 849.321655 322.307556
QRDC1025_0271 0.952560 651.919128 465.323517 790.416199 547.567688
QRDC1025_0281 0.980005 760.973022 518.098572 918.964478 592.819275
QRDC1025_0291 0.971021 727.406311 452.922791 869.148743 523.678162
QRDC1025_0301 0.999999 675.093567 561.897827 917.010193 669.072144
QRDC1025_0311 0.999459 650.765137 559.487610 848.858032 650.242004
QRDC1025_0311 0.012348 680.649048 574.980957 831.594360 626.814453
QRDC1025_0321 0.999790 710.404541 403.510437 875.005615 484.416321
QRDC1025_0331 0.999290 697.220825 325.296448 815.927734 394.761047
QRDC1025_0341 0.999997 589.769897 769.936340 859.199219 888.036072
QRDC1025_0351 0.999867 623.201843 745.051880 859.613586 861.810303
QRDC1025_0351 0.008507 671.872681 780.042542 815.284058 833.834534
QRDC1025_0361 0.999616 694.338318 598.298950 889.863098 698.354614
QRDC1025_0361 0.005634 722.054077 629.581848 864.304932 682.280579
QRDC1025_0371 0.997658 574.894287 408.908600 751.320068 490.477875
QRDC1025_0371 0.008944 610.308289 406.944000 726.028870 456.700409
QRDC1025_0381 0.999903 822.611511 656.517212 984.611755 730.549072
QRDC1025_0381 0.069398 742.591370 490.565643 997.064392 663.402344
QRDC1025_0381 0.011943 892.758484 550.531677 1055.127930 636.842957
QRDC1025_0381 0.009007 862.462769 491.762268 1096.100830 665.366272
